0,318
10,170
10,169
10,168
10,167
10,166
10,165
10,164
10,163
10,162
10,161
10,160
10,159
10,158
10,157
10,156
10,155
10,154
10,153
10,152
10,151
10,150
10,149
10,148
10,147
10,146
10,145
10,144
10,143
10,142
10,141
10,140
10,139
10,137
10,136
10,135
10,133
10,132
10,131
10,130
10,129
10,128
10,127
10,126
10,125
10,124
10,123
10,122
10,121
10,120
10,119
10,118
10,117
10,116
10,115
10,114
10,113
10,112
10,111
10,110
10,109
10,107
10,106
10,105
10,104
10,103
10,102
10,101
10,99
10,97
10,96
10,95
10,94
10,93
10,92
10,91
10,90
10,89
10,88
10,87
10,86
10,85
10,84
10,83
10,82
10,81
10,79
10,78
10,77
10,76
10,75
10,74
10,73
10,72
10,71
10,70
10,69
10,68
10,67
10,66
10,65
10,64
10,35
10,34
10,33
10,32
10,31
10,30
10,29
10,28
10,27
10,25
10,24
10,23
10,22
10,21
10,20
10,19
10,18
10,17
10,16
10,15
10,14
10,13
10,12
10,11
10,10
10,9
10,8
10,7
10,6
10,5
10,4
8,18
8,16
8,15
8,7
8,6
8,5
9,5
4,86
4,85
4,84
4,83
4,81
4,80
4,79
4,78
4,77
4,76
4,75
4,74
4,73
4,72
4,71
4,69
4,68
4,67
4,66
4,65
4,64
4,38
4,37
